Vector Kc : 
83
67
74
19
110
86
53
135
233
80
105
78
97
67
90
100
187
48
184
39
10
210
68
37
31
203
36
209
54
215
118
246
101
107
230
39
218
23
119
3
149
238
163
137
228
39
236
142
129
44
2
205
194
75
164
191
196
80
217
193
111
108
150
88
97
167
131
116
23
100
17
186
111
37
165
95
165
64
58
145
218
53
83
229
41
181
82
157
67
29
212
6
141
245
164
72
219
190
85
29
30
226
97
65
41
74
118
123
210
213
36
147
211
212
127
100
186
156
144
36
242
129
129
28
55
224
46
61
231
162
57
184
137
75
111
42
146
211
199
200
10
163
96
40
199
242
139
133
61
253
204
103
42
248
148
95
49
38
120
200
133
241
70
85
192
221
131
254
49
88
150
229
28
189
207
252
35
48
33
192
63
4
225
34
115
80
101
85
