Vector Kr : 
154
8
36
237
196
77
9
99
2
250
122
67
199
201
136
96
48
136
26
106
127
160
164
113
60
75
25
94
224
29
122
14
243
136
114
92
62
217
105
14
62
188
154
57
236
157
255
216
112
100
227
189
126
24
149
59
63
202
120
58
175
130
255
59
211
200
5
193
175
46
97
82
102
81
22
21
21
240
44
233
107
66
157
232
33
15
42
48
127
228
74
64
224
165
101
74
250
63
133
167
114
50
62
213
201
118
68
236
10
232
78
21
32
40
111
165
166
252
153
116
25
124
130
188
32
140
101
4
35
54
218
159
59
145
152
42
76
185
240
70
156
30
55
195
59
179
92
12
64
145
219
228
75
0
180
113
251
248
219
146
87
5
80
235
229
117
205
255
142
20
10
232
97
165
220
131
138
231
172
223
211
28
155
224
128
84
114
25
114
168
129
140
66
90
142
87
136
4
168
57
72
92
9
38
23
228
60
46
41
251
202
80
18
190
52
37
138
49
31
93
176
104
177
129
4
26
195
167
107
80
125
19
10
204
158
236
111
33
114
200
36
181
207
210
107
39
5
41
66
92
235
250
217
30
158
169
76
27
234
140
119
184
78
89
155
3
9
56
48
38
221
179
111
73
18
121
61
245
39
170
110
71
107
130
246
185
Vector Kc : 
40
64
103
45
94
141
138
30
114
101
123
55
200
57
28
187
201
98
64
221
54
20
32
89
165
201
66
233
119
30
253
21
177
135
71
206
40
205
57
152
214
132
238
2
206
226
255
113
83
42
196
142
132
198
132
17
8
62
24
74
252
99
32
37
102
224
119
202
251
90
77
232
55
10
241
137
214
44
230
216
72
144
92
41
178
122
120
48
219
170
116
84
38
74
138
165
60
11
221
138
112
32
245
139
22
87
112
36
201
175
98
25
36
44
205
158
123
237
242
208
33
169
29
133
119
222
106
130
49
196
215
227
56
44
254
211
228
35
232
183
54
29
29
219
12
244
198
24
220
161
231
2
86
96
214
246
98
108
58
106
238
201
252
175
161
149
225
ITER_MAX : 
1
