Vector Kr : 
185
54
96
174
6
251
136
44
226
171
87
4
104
123
64
151
152
183
108
173
87
147
108
255
161
129
163
209
113
9
71
50
89
212
223
146
150
217
33
79
90
111
121
233
25
197
139
34
128
63
195
29
191
108
170
254
47
173
119
178
160
253
0
107
202
214
227
244
161
121
17
158
72
96
141
101
29
116
208
56
88
60
85
75
186
164
27
247
60
76
224
153
163
212
14
158
114
218
146
130
14
139
53
27
143
114
183
87
185
204
170
143
12
165
32
222
153
50
136
2
38
39
54
90
145
92
79
34
35
158
40
69
210
175
56
226
200
134
214
180
113
159
54
98
36
137
183
191
229
80
226
126
151
182
229
224
60
81
29
197
10
248
220
197
229
97
93
30
57
140
84
180
55
173
166
89
125
12
46
130
152
94
56
90
201
105
174
44
112
114
197
18
232
205
210
240
136
251
106
159
238
83
116
218
73
59
84
74
208
28
3
63
94
62
60
113
75
217
143
7
112
22
32
141
16
89
206
201
78
220
27
92
128
80
126
250
195
79
110
25
83
50
162
100
15
145
177
128
93
136
133
122
64
142
232
251
108
60
249
56
58
231
29
201
236
79
98
192
