Vector Kr : 
64
119
142
63
95
171
110
127
224
162
6
50
239
198
20
228
229
123
93
177
210
178
23
219
104
12
130
232
156
136
147
82
247
7
243
135
174
229
199
35
169
116
164
105
193
192
239
121
99
113
199
213
195
92
137
155
222
132
141
163
149
78
100
4
179
197
32
133
245
221
218
120
223
199
67
165
136
151
167
174
226
29
40
174
126
13
250
162
52
202
44
28
42
116
2
173
132
7
4
247
94
139
186
127
12
134
251
154
107
140
99
175
143
198
131
44
144
243
4
93
13
158
117
43
65
42
254
200
137
188
173
119
168
61
76
152
225
181
185
244
115
35
137
189
122
1
101
144
181
210
241
84
76
92
9
13
96
174
248
75
182
62
126
64
15
3
4
86
25
235
31
114
156
194
102
43
165
118
87
123
181
62
210
96
137
233
195
17
13
136
132
129
231
146
17
163
165
29
247
242
134
162
175
40
55
131
146
156
53
31
67
168
248
78
178
48
182
86
6
173
138
56
55
197
229
206
251
155
185
179
14
48
199
226
27
21
30
4
89
104
157
181
198
167
50
132
201
89
15
221
235
11
204
162
148
235
100
172
Vector Kc : 
180
97
184
56
181
120
194
33
123
189
157
253
33
232
28
127
93
228
31
158
153
16
50
9
118
131
63
70
217
140
63
163
224
214
242
1
140
152
161
60
31
2
4
77
60
50
116
200
193
13
189
49
196
132
213
184
198
45
219
162
224
19
226
32
19
49
87
68
207
48
216
156
180
58
99
110
62
252
160
86
172
166
218
198
115
249
114
42
119
131
253
111
215
83
113
113
86
197
59
197
220
60
109
63
32
24
242
206
218
69
47
183
118
254
234
182
253
101
53
208
67
85
183
214
16
38
203
124
83
66
250
60
3
151
142
43
73
250
33
161
78
54
129
214
91
47
12
17
115
213
67
43
20
95
37
22
23
12
11
234
153
9
125
116
47
205
198
88
21
145
69
178
116
166
127
183
198
149
90
172
59
12
216
29
169
17
56
109
45
199
95
ITER_MAX : 
1
