Vector Kr : 
56
36
153
41
95
127
210
20
129
236
118
64
156
118
226
224
6
235
76
179
166
182
157
34
172
254
163
115
40
158
117
145
23
150
34
146
40
58
233
138
49
50
229
57
192
181
100
22
52
68
36
132
52
250
50
52
40
80
125
237
227
145
253
150
77
114
247
212
36
70
158
200
22
233
242
218
196
56
80
83
211
0
112
142
114
62
230
190
133
113
156
128
94
204
103
94
254
163
101
30
46
71
55
139
99
54
16
97
251
97
237
50
47
43
227
2
195
248
87
0
0
22
36
33
49
77
109
212
143
195
139
209
234
102
200
202
134
6
119
29
207
90
139
140
26
157
36
250
58
78
125
24
231
43
132
98
207
112
196
75
133
141
169
199
86
50
224
217
218
21
90
25
251
160
57
58
202
140
171
96
224
170
194
11
60
178
195
250
71
185
25
242
129
238
230
139
14
26
233
0
166
81
232
91
141
156
44
190
43
120
19
141
76
108
107
28
113
167
147
123
148
158
214
60
2
9
66
30
195
168
252
177
116
163
47
173
240
77
150
194
54
64
158
184
21
53
198
103
27
150
211
166
147
190
235
120
210
205
92
62
245
11
145
99
158
72
97
236
197
102
92
149
242
19
144
175
223
179
230
43
28
185
35
116
116
5
44
52
254
181
93
157
136
231
54
50
86
154
122
217
223
70
123
138
134
240
121
13
36
200
145
204
142
104
20
53
64
165
40
149
159
106
177
161
146
84
170
116
233
194
169
99
121
104
32
234
129
90
119
135
62
145
52
219
141
113
253
239
239
33
157
87
188
138
112
112
77
107
35
110
28
81
144
72
183
28
158
134
118
120
204
70
113
7
148
75
174
124
72
229
59
62
231
102
5
224
238
234
215
21
227
33
238
60
176
62
62
199
156
47
252
123
18
32
204
8
21
216
182
218
102
142
Vector Kc : 
101
135
102
146
80
238
206
118
249
134
36
253
143
91
49
14
165
139
85
142
8
212
26
22
209
143
24
193
194
87
186
195
61
26
18
28
15
248
225
146
81
64
101
160
134
102
241
43
154
228
39
229
108
114
249
255
144
131
7
76
176
67
59
10
217
67
67
136
230
168
84
232
56
35
233
24
52
114
221
12
171
40
229
215
134
231
45
91
0
141
179
74
93
18
211
238
185
248
6
152
201
91
59
1
227
135
23
189
252
23
13
126
224
176
198
27
141
117
61
19
250
137
147
72
222
10
223
97
199
212
95
7
124
246
186
30
72
161
59
251
182
134
93
73
73
251
155
187
26
223
50
165
28
200
99
164
102
222
31
163
152
152
21
114
29
122
124
148
121
87
53
66
162
205
23
220
63
180
193
253
217
211
60
185
213
21
51
11
89
252
139
145
212
16
53
27
137
250
110
36
18
199
18
152
102
108
90
124
132
60
34
236
72
180
150
205
148
2
157
54
29
127
184
137
33
137
112
199
164
103
150
231
231
231
1
83
252
231
77
134
46
59
211
32
232
124
109
92
99
64
240
155
230
172
218
53
224
10
126
85
203
63
117
154
112
60
35
26
8
233
51
199
6
222
71
133
177
249
74
209
75
191
142
134
221
183
95
41
71
192
228
145
166
233
252
206
226
91
185
129
208
119
119
219
47
26
59
249
201
216
29
91
88
76
183
160
122
52
117
150
29
72
217
174
44
69
233
191
48
215
173
150
13
60
251
172
1
52
59
227
199
42
49
49
138
121
99
50
40
95
80
218
192
177
246
132
158
10
140
83
188
250
139
6
18
121
118
3
90
150
126
125
126
193
105
188
122
41
110
134
98
195
ITER_MAX : 
1
